1000
34 39 37 
10
0 17
1 13
2 19
3 2
4 16
5 8
6 13
7 14
8 6
9 12
10 18
11 12
12 3
13 15
14 17
15 4
16 6
17 17
18 13
19 12
20 16
21 1
22 16
23 2
24 10
25 20
26 19
27 19
28 13
29 21
30 6
31 6
32 17
33 8
34 1
35 7
36 18
37 18
38 8
39 13
40 17
41 12
42 19
43 12
44 15
45 9
46 18
47 20
48 1
49 13
50 17
51 5
52 17
53 18
54 7
55 14
56 2
57 16
58 12
59 19
60 18
61 7
62 17
63 14
64 16
65 12
66 14
67 12
68 1
69 18
70 18
71 20
72 20
73 11
74 15
75 20
76 1
77 8
78 21
79 6
80 18
81 19
82 6
83 3
84 18
85 9
86 2
87 3
88 3
89 1
90 15
91 1
92 9
93 8
94 9
95 4
96 20
97 6
98 12
99 10
100 3
101 6
102 6
103 9
104 17
105 6
106 9
107 21
108 10
109 15
110 11
111 16
112 16
113 4
114 1
115 10
116 13
117 11
118 14
119 7
120 9
121 4
122 9
123 17
124 7
125 20
126 14
127 1
128 8
129 1
130 13
131 5
132 2
133 6
134 15
135 17
136 14
137 18
138 8
139 21
140 17
141 15
142 8
143 17
144 21
145 1
146 13
147 19
148 11
149 21
150 14
151 2
152 10
153 5
154 7
155 2
156 10
157 3
158 3
159 10
160 10
161 6
162 14
163 19
164 9
165 5
166 1
167 18
168 2
169 19
170 7
171 19
172 15
173 6
174 20
175 17
176 2
177 13
178 7
179 12
180 4
181 7
182 19
183 14
184 19
185 7
186 16
187 4
188 13
189 10
190 17
191 16
192 1
193 11
194 20
195 13
196 10
197 1
198 6
199 7
200 11
201 19
202 5
203 11
204 14
205 7
206 9
207 4
208 13
209 18
210 12
211 18
212 16
213 18
214 8
215 3
216 2
217 3
218 5
219 6
220 6
221 18
222 7
223 9
224 11
225 20
226 17
227 9
228 12
229 11
230 11
231 4
232 10
233 8
234 20
235 16
236 5
237 19
238 18
239 4
240 11
241 2
242 14
243 3
244 13
245 5
246 5
247 11
248 4
249 20
250 19
251 13
252 3
253 19
254 18
255 8
256 19
257 3
258 9
259 12
260 10
261 19
262 18
263 4
264 15
265 9
266 4
267 2
268 10
269 1
270 20
271 1
272 3
273 14
274 4
275 2
276 7
277 8
278 19
279 14
280 6
281 4
282 15
283 6
284 8
285 6
286 4
287 14
288 13
289 18
290 10
291 18
292 9
293 16
294 11
295 4
296 7
297 21
298 11
299 2
300 1
301 1
302 10
303 20
304 11
305 15
306 13
307 11
308 13
309 3
310 3
311 11
312 20
313 15
314 4
315 9
316 7
317 20
318 18
319 16
320 12
321 9
322 6
323 18
324 7
325 10
326 7
327 8
328 12
329 3
330 9
331 3
332 15
333 3
334 21
335 19
336 21
337 11
338 8
339 13
340 10
341 2
342 11
343 6
344 11
345 19
346 10
347 8
348 11
349 4
350 18
351 20
352 19
353 20
354 3
355 8
356 8
357 1
358 8
359 13
360 3
361 9
362 18
363 3
364 3
365 1
366 21
367 1
368 10
369 12
370 16
371 16
372 5
373 4
374 17
375 11
376 3
377 17
378 6
379 6
380 5
381 5
382 11
383 10
384 4
385 17
386 20
387 10
388 5
389 7
390 5
391 18
392 2
393 11
394 20
395 18
396 7
397 6
398 10
399 14
400 18
401 6
402 2
403 8
404 9
405 3
406 15
407 14
408 18
409 9
410 18
411 15
412 18
413 15
414 1
415 13
416 11
417 6
418 9
419 16
420 1
421 21
422 14
423 19
424 1
425 2
426 12
427 19
428 5
429 19
430 5
431 5
432 9
433 9
434 13
435 19
436 13
437 6
438 20
439 3
440 8
441 16
442 1
443 6
444 17
445 11
446 17
447 21
448 15
449 21
450 8
451 8
452 11
453 16
454 16
455 8
456 14
457 11
458 18
459 20
460 21
461 9
462 21
463 8
464 2
465 3
466 17
467 21
468 12
469 6
470 17
471 7
472 10
473 10
474 10
475 18
476 12
477 6
478 15
479 20
480 3
481 4
482 20
483 17
484 19
485 13
486 6
487 5
488 9
489 14
490 7
491 19
492 2
493 16
494 13
495 21
496 12
497 13
498 17
499 6
500 18
501 2
502 17
503 3
504 9
505 21
506 4
507 9
508 3
509 5
510 20
511 3
512 15
513 8
514 13
515 14
516 13
517 6
518 11
519 15
520 5
521 20
522 16
523 7
524 4
525 14
526 20
527 18
528 14
529 4
530 10
531 9
532 8
533 13
534 18
535 1
536 7
537 17
538 15
539 19
540 1
541 1
542 21
543 20
544 8
545 9
546 7
547 6
548 10
549 5
550 18
551 7
552 9
553 10
554 19
555 9
556 15
557 6
558 18
559 12
560 16
561 14
562 4
563 7
564 19
565 13
566 7
567 10
568 4
569 1
570 4
571 19
572 1
573 18
574 10
575 21
576 5
577 3
578 17
579 12
580 19
581 10
582 14
583 17
584 12
585 17
586 11
587 1
588 4
589 15
590 15
591 12
592 10
593 18
594 13
595 11
596 19
597 16
598 4
599 21
600 13
601 13
602 7
603 18
604 1
605 9
606 21
607 20
608 17
609 7
610 15
611 20
612 17
613 14
614 10
615 6
616 15
617 20
618 17
619 7
620 12
621 17
622 1
623 13
624 19
625 14
626 13
627 11
628 20
629 19
630 3
631 16
632 8
633 21
634 21
635 10
636 21
637 1
638 14
639 21
640 5
641 21
642 13
643 9
644 6
645 3
646 20
647 1
648 12
649 9
650 14
651 18
652 10
653 5
654 15
655 9
656 16
657 6
658 15
659 17
660 2
661 9
662 17
663 4
664 19
665 14
666 3
667 12
668 3
669 15
670 1
671 6
672 17
673 6
674 3
675 13
676 21
677 9
678 20
679 10
680 7
681 17
682 7
683 8
684 11
685 9
686 3
687 3
688 17
689 12
690 15
691 17
692 18
693 2
694 6
695 10
696 21
697 18
698 9
699 12
700 20
701 8
702 13
703 18
704 13
705 6
706 16
707 9
708 20
709 11
710 8
711 9
712 20
713 8
714 1
715 20
716 13
717 11
718 14
719 8
720 9
721 7
722 3
723 21
724 6
725 19
726 15
727 19
728 5
729 20
730 9
731 15
732 17
733 6
734 5
735 5
736 15
737 12
738 10
739 13
740 8
741 4
742 7
743 10
744 3
745 4
746 8
747 13
748 11
749 16
750 4
751 6
752 2
753 2
754 20
755 1
756 7
757 2
758 16
759 17
760 20
761 15
762 11
763 9
764 4
765 20
766 6
767 4
768 8
769 13
770 8
771 16
772 15
773 13
774 6
775 8
776 8
777 10
778 15
779 18
780 19
781 13
782 7
783 15
784 9
785 11
786 16
787 19
788 4
789 7
790 3
791 2
792 1
793 1
794 16
795 11
796 13
797 19
798 10
799 7
800 13
801 6
802 21
803 5
804 1
805 1
806 13
807 5
808 18
809 2
810 19
811 13
812 9
813 5
814 3
815 15
816 21
817 10
818 1
819 2
820 18
821 2
822 17
823 5
824 2
825 9
826 4
827 14
828 3
829 7
830 1
831 16
832 21
833 5
834 9
835 7
836 15
837 13
838 11
839 21
840 9
841 9
842 21
843 21
844 8
845 8
846 2
847 19
848 19
849 6
850 12
851 14
852 20
853 18
854 21
855 17
856 2
857 12
858 18
859 14
860 18
861 7
862 18
863 14
864 3
865 9
866 20
867 3
868 9
869 6
870 4
871 5
872 2
873 7
874 14
875 2
876 2
877 21
878 3
879 17
880 16
881 17
882 12
883 4
884 11
885 2
886 5
887 18
888 2
889 15
890 5
891 13
892 15
893 1
894 17
895 9
896 3
897 9
898 11
899 3
900 10
901 2
902 13
903 2
904 9
905 11
906 5
907 9
908 13
909 4
910 10
911 4
912 14
913 8
914 17
915 18
916 7
917 11
918 11
919 17
920 13
921 19
922 16
923 4
924 5
925 21
926 15
927 17
928 18
929 19
930 17
931 18
932 1
933 10
934 6
935 7
936 12
937 13
938 17
939 11
940 4
941 14
942 12
943 5
944 19
945 3
946 2
947 10
948 21
949 18
950 11
951 14
952 10
953 11
954 12
955 9
956 11
957 17
958 17
959 1
960 17
961 4
962 5
963 11
964 11
965 11
966 19
967 3
968 15
969 9
970 16
971 15
972 12
973 13
974 3
975 19
976 2
977 5
978 2
979 17
980 16
981 19
982 9
983 8
984 19
985 11
986 12
987 21
988 12
989 13
990 10
991 15
992 20
993 11
994 18
995 17
996 6
997 1
998 5
999 9
1000 8
1001 19
1002 5
1003 4
1004 6
1005 14
1006 20
1007 2
1008 4
1009 18
1010 9
1011 4
1012 7
1013 9
1014 3
1015 21
1016 19
1017 17
1018 21
1019 3
1020 3
1021 7
1022 21
1023 6
1024 17
1025 14
1026 1
1027 19
1028 12
1029 16
1030 10
1031 8
1032 7
1033 20
1034 16
1035 8
1036 14
1037 15
1038 12
1039 18
1040 7
1041 16
1042 3
1043 9
1044 14
1045 7
1046 1
1047 18
1048 13
1049 17
1050 16
1051 3
1052 13
1053 20
1054 17
1055 19
1056 19
1057 14
1058 2
1059 12
1060 15
1061 1
1062 7
1063 10
1064 21
1065 1
1066 18
1067 4
1068 10
1069 17
1070 11
1071 18
1072 21
1073 19
1074 18
1075 10
1076 17
1077 14
1078 18
1079 17
1080 14
1081 20
1082 21
1083 19
1084 10
1085 15
1086 10
1087 5
1088 17
1089 15
1090 19
1091 5
1092 18
1093 6
1094 9
1095 21
1096 1
1097 14
1098 19
1099 2
1100 12
1101 14
1102 13
1103 10
1104 1
1105 3
1106 3
1107 1
1108 13
1109 9
1110 15
1111 9
1112 12
1113 21
1114 16
1115 11
1116 13
1117 15
1118 4
1119 16
1120 12
1121 5
1122 14
1123 5
1124 1
1125 6
1126 9
1127 12
1128 5
1129 19
1130 10
1131 14
1132 9
1133 17
1134 10
1135 14
1136 9
1137 14
1138 11
1139 16
1140 7
1141 16
1142 13
1143 14
1144 3
1145 3
1146 5
1147 7
1148 5
1149 8
1150 1
1151 4
1152 9
1153 5
1154 16
1155 4
1156 13
1157 21
1158 6
1159 1
1160 3
1161 14
1162 20
1163 2
1164 18
1165 7
1166 18
1167 14
1168 12
1169 2
1170 21
1171 4
1172 18
1173 14
1174 4
1175 9
1176 9
1177 6
1178 16
1179 2
1180 7
1181 21
1182 3
1183 13
1184 4
1185 15
1186 10
1187 17
1188 16
1189 13
1190 4
1191 20
1192 16
1193 4
1194 5
1195 13
1196 20
1197 7
1198 6
1199 17
1200 9
1201 14
1202 18
1203 10
1204 16
1205 21
1206 18
1207 7
1208 20
1209 11
1210 16
1211 4
1212 1
1213 12
1214 9
1215 2
1216 18
1217 21
1218 15
1219 10
1220 4
1221 8
1222 17
1223 9
1224 9
1225 8
1226 14
1227 5
1228 5
1229 9
1230 7
1231 14
1232 18
1233 21
1234 20
1235 2
1236 18
1237 20
1238 17
1239 5
1240 14
1241 9
1242 9
1243 16
1244 10
1245 9
1246 16
1247 7
1248 16
1249 12
1250 20
1251 16
1252 8
1253 11
1254 6
1255 20
1256 6
1257 19
1258 15
1259 18
1260 5
1261 2
1262 17
1263 11
1264 17
1265 5
1266 21
1267 7
1268 11
1269 20
1270 16
1271 16
1272 11
1273 4
1274 5
1275 5
1276 9
1277 8
1278 3
1279 21
1280 18
1281 2
1282 19
1283 6
1284 4
1285 8
1286 19
1287 7
1288 17
1289 19
1290 10
1291 14
1292 11
1293 1
1294 1
1295 10
1296 20
1297 8
1298 3
1299 8
1300 9
1301 21
1302 11
1303 9
1304 20
1305 17
1306 13
1307 1
1308 4
1309 11
1310 12
1311 5
1312 4
1313 9
1314 5
1315 19
1316 2
1317 12
1318 3
1319 3
1320 4
1321 10
1322 11
1323 8
1324 9
1325 17
1326 2
1327 12
1328 1
1329 3
1330 5
1331 13
1332 12
1333 21
1334 8
1335 4
1336 11
1337 9
1338 1
1339 17
1340 11
1341 4
1342 12
1343 21
1344 5
1345 20
1346 9
1347 13
1348 3
1349 19
1350 20
1351 17
1352 16
1353 19
1354 14
1355 18
1356 13
1357 10
1358 8
1359 21
1360 10
1361 18
1362 5
1363 2
1364 20
1365 17
1366 4
1367 6
1368 8
1369 7
1370 14
1371 9
1372 18
1373 1
1374 9
1375 18
1376 9
1377 17
1378 9
1379 16
1380 5
1381 13
1382 4
1383 12
1384 3
1385 21
1386 18
1387 12
1388 18
1389 18
1390 17
1391 19
1392 1
1393 20
1394 10
1395 15
1396 5
1397 5
1398 3
1399 19
1400 5
1401 7
1402 16
1403 11
1404 12
1405 10
1406 6
1407 5
1408 13
1409 15
1410 13
1411 4
1412 20
1413 5
1414 9
1415 10
1416 21
1417 20
1418 1
1419 18
1420 1
1421 21
1422 5
1423 13
1424 18
1425 4
1426 15
1427 1
1428 14
1429 20
1430 14
1431 9
1432 12
1433 14
1434 13
1435 20
1436 15
1437 2
1438 4
1439 16
1440 2
1441 21
1442 1
1443 2
1444 4
1445 19
1446 5
1447 17
1448 17
1449 12
1450 18
1451 9
1452 19
1453 21
1454 12
1455 16
1456 8
1457 20
1458 8
1459 4
1460 18
1461 12
1462 6
1463 4
1464 2
1465 11
1466 14
1467 12
1468 9
1469 21
1470 2
1471 20
1472 14
1473 14
1474 13
1475 12
1476 10
1477 11
1478 15
1479 8
1480 21
1481 20
1482 17
1483 5
1484 2
1485 11
1486 4
1487 17
1488 6
1489 18
1490 21
1491 21
1492 16
1493 11
1494 4
1495 19
1496 1
1497 16
1498 7
1499 13
1500 21
1501 6
1502 13
1503 8
1504 4
1505 8
1506 11
1507 11
1508 8
1509 15
1510 16
1511 12
1512 16
1513 21
1514 7
1515 14
1516 15
1517 13
1518 18
1519 4
1520 19
1521 16
1522 9
1523 5
1524 5
1525 1
1526 13
1527 14
1528 4
1529 1
1530 21
1531 3
1532 6
1533 15
1534 13
1535 17
1536 10
1537 5
1538 5
1539 17
1540 4
1541 9
1542 1
1543 15
1544 13
1545 21
1546 8
1547 18
1548 13
1549 1
1550 18
1551 8
1552 14
1553 6
1554 6
1555 11
1556 8
1557 3
1558 18
1559 18
1560 6
1561 6
1562 13
1563 19
1564 1
1565 17
1566 7
1567 14
1568 8
1569 2
1570 17
1571 7
1572 17
1573 20
1574 21
1575 18
1576 3
1577 8
1578 13
1579 15
1580 4
1581 19
1582 21
1583 2
1584 13
1585 3
1586 18
1587 4
1588 21
1589 16
1590 2
1591 17
1592 8
1593 1
1594 1
1595 10
1596 15
1597 9
1598 14
1599 6
1600 20
1601 5
1602 18
1603 11
1604 18
1605 21
1606 15
1607 17
1608 14
1609 18
1610 6
1611 13
1612 13
1613 7
1614 16
1615 9
1616 12
1617 5
1618 9
1619 19
1620 9
1621 6
1622 20
1623 3
1624 12
1625 11
1626 5
1627 9
1628 9
1629 9
1630 12
1631 13
1632 9
1633 19
1634 15
1635 1
1636 5
1637 5
1638 9
1639 8
1640 7
1641 3
1642 19
1643 18
1644 20
1645 7
1646 18
1647 14
1648 8
1649 19
1650 5
1651 18
1652 15
1653 13
1654 7
1655 3
1656 21
1657 3
1658 5
1659 2
1660 1
1661 13
1662 13
1663 14
1664 5
1665 19
1666 20
1667 5
1668 18
1669 18
1670 3
1671 8
1672 13
1673 5
1674 10
1675 7
1676 13
1677 12
1678 6
1679 8
1680 10
1681 5
1682 12
1683 16
1684 18
1685 10
1686 3
1687 17
1688 10
1689 7
1690 15
1691 1
1692 10
1693 20
1694 19
1695 4
1696 20
1697 12
1698 15
1699 9
1700 20
1701 2
1702 2
1703 11
1704 6
1705 5
1706 21
1707 4
1708 4
1709 14
1710 21
1711 19
1712 8
1713 7
1714 17
1715 17
1716 13
1717 4
1718 7
1719 13
1720 17
1721 5
1722 19
1723 9
1724 1
1725 4
1726 7
1727 19
1728 13
1729 16
1730 18
1731 20
1732 8
1733 9
1734 2
1735 21
1736 6
1737 18
1738 17
1739 8
1740 14
1741 9
1742 14
1743 13
1744 9
1745 16
1746 4
1747 5
1748 6
1749 18
1750 1
1751 15
1752 2
1753 16
1754 7
1755 13
1756 18
1757 11
1758 8
1759 4
1760 3
1761 2
1762 14
1763 15
1764 7
1765 6
1766 20
1767 17
1768 7
1769 17
1770 13
1771 17
1772 12
1773 7
1774 8
1775 12
1776 19
1777 3
1778 11
1779 2
1780 15
1781 2
1782 20
1783 6
1784 5
1785 10
1786 16
1787 2
1788 19
1789 17
1790 3
1791 19
1792 13
1793 3
1794 13
1795 17
1796 19
1797 21
1798 10
1799 13
1800 9
1801 12
1802 16
1803 2
1804 18
1805 16
1806 1
1807 14
1808 10
1809 19
1810 11
1811 5
1812 20
1813 19
1814 18
1815 9
1816 3
1817 20
1818 12
1819 14
1820 13
1821 17
1822 1
1823 19
1824 19
1825 4
1826 2
1827 19
1828 17
1829 1
1830 4
1831 11
1832 11
1833 12
1834 18
1835 2
1836 21
1837 12
1838 19
1839 3
1840 16
1841 21
1842 3
1843 18
1844 15
1845 11
1846 17
1847 18
1848 1
1849 6
1850 11
1851 12
1852 7
1853 5
1854 19
1855 5
1856 19
1857 4
1858 13
1859 11
1860 17
1861 14
1862 12
1863 11
1864 9
1865 20
1866 12
1867 2
1868 3
1869 21
1870 8
1871 9
1872 13
1873 18
1874 10
1875 19
1876 20
1877 3
1878 3
1879 6
1880 9
1881 14
1882 3
1883 5
1884 10
1885 18
1886 21
1887 9
1888 8
1889 7
1890 4
1891 9
1892 16
1893 2
1894 17
1895 10
1896 7
1897 18
1898 3
1899 18
1900 11
1901 11
1902 10
1903 17
1904 5
1905 2
1906 15
1907 12
1908 2
1909 1
1910 11
1911 14
1912 6
1913 18
1914 2
1915 19
1916 21
1917 17
1918 14
1919 6
1920 7
1921 8
1922 4
1923 19
1924 5
1925 19
1926 17
1927 4
1928 9
1929 15
1930 7
1931 2
1932 12
1933 15
1934 11
1935 20
1936 12
1937 8
1938 21
1939 1
1940 1
1941 16
1942 2
1943 6
1944 9
1945 18
1946 2
1947 1
1948 8
1949 3
1950 17
1951 6
1952 2
1953 17
1954 7
1955 7
1956 15
1957 10
1958 8
1959 16
1960 17
1961 12
1962 11
1963 13
1964 21
1965 3
1966 7
1967 20
1968 6
1969 7
1970 20
1971 10
1972 19
1973 14
1974 20
1975 16
1976 12
1977 1
1978 16
1979 1
1980 4
1981 21
1982 19
1983 20
1984 14
1985 19
1986 11
1987 11
1988 3
1989 21
1990 14
1991 7
1992 17
1993 16
1994 20
1995 19
1996 18
1997 17
1998 16
1999 20
