800
17 24 16 19 
10
0 4
1 16
2 15
3 16
4 21
5 13
6 7
7 4
8 16
9 1
10 13
11 14
12 20
13 1
14 15
15 9
16 8
17 19
18 4
19 11
20 1
21 1
22 1
23 21
24 18
25 1
26 13
27 7
28 14
29 1
30 17
31 8
32 15
33 16
34 18
35 8
36 12
37 8
38 8
39 15
40 10
41 1
42 14
43 18
44 21
45 4
46 6
47 21
48 10
49 4
50 11
51 17
52 14
53 17
54 7
55 10
56 10
57 19
58 16
59 17
60 13
61 19
62 2
63 16
64 8
65 13
66 14
67 6
68 12
69 18
70 12
71 3
72 15
73 17
74 4
75 6
76 17
77 13
78 12
79 16
80 1
81 16
82 2
83 10
84 20
85 19
86 19
87 13
88 21
89 6
90 6
91 17
92 8
93 1
94 7
95 18
96 18
97 8
98 13
99 17
100 12
101 19
102 12
103 15
104 9
105 18
106 20
107 1
108 13
109 17
110 5
111 17
112 18
113 7
114 14
115 2
116 16
117 12
118 19
119 18
120 7
121 17
122 14
123 16
124 12
125 14
126 12
127 1
128 18
129 18
130 20
131 20
132 11
133 15
134 20
135 1
136 8
137 21
138 6
139 18
140 19
141 6
142 3
143 18
144 9
145 2
146 3
147 3
148 1
149 15
150 1
151 9
152 8
153 9
154 4
155 20
156 6
157 12
158 10
159 3
160 6
161 6
162 9
163 17
164 6
165 9
166 21
167 10
168 15
169 11
170 16
171 16
172 4
173 1
174 10
175 13
176 11
177 14
178 7
179 9
180 4
181 9
182 17
183 7
184 20
185 14
186 1
187 8
188 1
189 13
190 5
191 2
192 6
193 15
194 17
195 14
196 18
197 8
198 21
199 17
200 15
201 8
202 17
203 21
204 1
205 13
206 19
207 11
208 21
209 14
210 2
211 10
212 5
213 7
214 2
215 10
216 3
217 3
218 10
219 10
220 6
221 14
222 19
223 9
224 5
225 1
226 18
227 2
228 19
229 7
230 19
231 15
232 6
233 20
234 17
235 2
236 13
237 7
238 12
239 4
240 7
241 19
242 14
243 19
244 7
245 16
246 4
247 13
248 10
249 17
250 16
251 1
252 11
253 20
254 13
255 10
256 1
257 6
258 7
259 11
260 19
261 5
262 11
263 14
264 7
265 9
266 4
267 13
268 18
269 12
270 18
271 16
272 18
273 8
274 3
275 2
276 3
277 5
278 6
279 6
280 18
281 7
282 9
283 11
284 20
285 17
286 9
287 12
288 11
289 11
290 4
291 10
292 8
293 20
294 16
295 5
296 19
297 18
298 4
299 11
300 2
301 14
302 3
303 13
304 5
305 5
306 11
307 4
308 20
309 19
310 13
311 3
312 19
313 18
314 8
315 19
316 3
317 9
318 12
319 10
320 19
321 18
322 4
323 15
324 9
325 4
326 2
327 10
328 1
329 20
330 1
331 3
332 14
333 4
334 2
335 7
336 8
337 19
338 14
339 6
340 4
341 15
342 6
343 8
344 6
345 4
346 14
347 13
348 18
349 10
350 18
351 9
352 16
353 11
354 4
355 7
356 21
357 11
358 2
359 1
360 1
361 10
362 20
363 11
364 15
365 13
366 11
367 13
368 3
369 3
370 11
371 20
372 15
373 4
374 9
375 7
376 20
377 18
378 16
379 12
380 9
381 6
382 18
383 7
384 10
385 7
386 8
387 12
388 3
389 9
390 3
391 15
392 3
393 21
394 19
395 21
396 11
397 8
398 13
399 10
400 2
401 11
402 6
403 11
404 19
405 10
406 8
407 11
408 4
409 18
410 20
411 19
412 20
413 3
414 8
415 8
416 1
417 8
418 13
419 3
420 9
421 18
422 3
423 3
424 1
425 21
426 1
427 10
428 12
429 16
430 16
431 5
432 4
433 17
434 11
435 3
436 17
437 6
438 6
439 5
440 5
441 11
442 10
443 4
444 17
445 20
446 10
447 5
448 7
449 5
450 18
451 2
452 11
453 20
454 18
455 7
456 6
457 10
458 14
459 18
460 6
461 2
462 8
463 9
464 3
465 15
466 14
467 18
468 9
469 18
470 15
471 18
472 15
473 1
474 13
475 11
476 6
477 9
478 16
479 1
480 21
481 14
482 19
483 1
484 2
485 12
486 19
487 5
488 19
489 5
490 5
491 9
492 9
493 13
494 19
495 13
496 6
497 20
498 3
499 8
500 16
501 1
502 6
503 17
504 11
505 17
506 21
507 15
508 21
509 8
510 8
511 11
512 16
513 16
514 8
515 14
516 11
517 18
518 20
519 21
520 9
521 21
522 8
523 2
524 3
525 17
526 21
527 12
528 6
529 17
530 7
531 10
532 10
533 10
534 18
535 12
536 6
537 15
538 20
539 3
540 4
541 20
542 17
543 19
544 13
545 6
546 5
547 9
548 14
549 7
550 19
551 2
552 16
553 13
554 21
555 12
556 13
557 17
558 6
559 18
560 2
561 17
562 3
563 9
564 21
565 4
566 9
567 3
568 5
569 20
570 3
571 15
572 8
573 13
574 14
575 13
576 6
577 11
578 15
579 5
580 20
581 16
582 7
583 4
584 14
585 20
586 18
587 14
588 4
589 10
590 9
591 8
592 13
593 18
594 1
595 7
596 17
597 15
598 19
599 1
600 1
601 21
602 20
603 8
604 9
605 7
606 6
607 10
608 5
609 18
610 7
611 9
612 10
613 19
614 9
615 15
616 6
617 18
618 12
619 16
620 14
621 4
622 7
623 19
624 13
625 7
626 10
627 4
628 1
629 4
630 19
631 1
632 18
633 10
634 21
635 5
636 3
637 17
638 12
639 19
640 10
641 14
642 17
643 12
644 17
645 11
646 1
647 4
648 15
649 15
650 12
651 10
652 18
653 13
654 11
655 19
656 16
657 4
658 21
659 13
660 13
661 7
662 18
663 1
664 9
665 21
666 20
667 17
668 7
669 15
670 20
671 17
672 14
673 10
674 6
675 15
676 20
677 17
678 7
679 12
680 17
681 1
682 13
683 19
684 14
685 13
686 11
687 20
688 19
689 3
690 16
691 8
692 21
693 21
694 10
695 21
696 1
697 14
698 21
699 5
700 21
701 13
702 9
703 6
704 3
705 20
706 1
707 12
708 9
709 14
710 18
711 10
712 5
713 15
714 9
715 16
716 6
717 15
718 17
719 2
720 9
721 17
722 4
723 19
724 14
725 3
726 12
727 3
728 15
729 1
730 6
731 17
732 6
733 3
734 13
735 21
736 9
737 20
738 10
739 7
740 17
741 7
742 8
743 11
744 9
745 3
746 3
747 17
748 12
749 15
750 17
751 18
752 2
753 6
754 10
755 21
756 18
757 9
758 12
759 20
760 8
761 13
762 18
763 13
764 6
765 16
766 9
767 20
768 11
769 8
770 9
771 20
772 8
773 1
774 20
775 13
776 11
777 14
778 8
779 9
780 7
781 3
782 21
783 6
784 19
785 15
786 19
787 5
788 20
789 9
790 15
791 17
792 6
793 5
794 5
795 15
796 12
797 10
798 13
799 8
800 4
801 7
802 10
803 3
804 4
805 8
806 13
807 11
808 16
809 4
810 6
811 2
812 2
813 20
814 1
815 7
816 2
817 16
818 17
819 20
820 15
821 11
822 9
823 4
824 20
825 6
826 4
827 8
828 13
829 8
830 16
831 15
832 13
833 6
834 8
835 8
836 10
837 15
838 18
839 19
840 13
841 7
842 15
843 9
844 11
845 16
846 19
847 4
848 7
849 3
850 2
851 1
852 1
853 16
854 11
855 13
856 19
857 10
858 7
859 13
860 6
861 21
862 5
863 1
864 1
865 13
866 5
867 18
868 2
869 19
870 13
871 9
872 5
873 3
874 15
875 21
876 10
877 1
878 2
879 18
880 2
881 17
882 5
883 2
884 9
885 4
886 14
887 3
888 7
889 1
890 16
891 21
892 5
893 9
894 7
895 15
896 13
897 11
898 21
899 9
900 9
901 21
902 21
903 8
904 8
905 2
906 19
907 19
908 6
909 12
910 14
911 20
912 18
913 21
914 17
915 2
916 12
917 18
918 14
919 18
920 7
921 18
922 14
923 3
924 9
925 20
926 3
927 9
928 6
929 4
930 5
931 2
932 7
933 14
934 2
935 2
936 21
937 3
938 17
939 16
940 17
941 12
942 4
943 11
944 2
945 5
946 18
947 2
948 15
949 5
950 13
951 15
952 1
953 17
954 9
955 3
956 9
957 11
958 3
959 10
960 2
961 13
962 2
963 9
964 11
965 5
966 9
967 13
968 4
969 10
970 4
971 14
972 8
973 17
974 18
975 7
976 11
977 11
978 17
979 13
980 19
981 16
982 4
983 5
984 21
985 15
986 17
987 18
988 19
989 17
990 18
991 1
992 10
993 6
994 7
995 12
996 13
997 17
998 11
999 4
