80
2 4 2 
5
0 9
1 4
2 16
3 15
4 16
5 21
6 13
7 7
8 4
9 16
10 1
11 13
12 14
13 20
14 1
15 15
16 9
17 8
18 19
19 4
20 11
21 1
22 1
23 1
24 21
25 18
26 1
27 13
28 7
29 14
30 1
31 17
32 8
33 15
34 16
35 18
36 8
37 12
38 8
39 8
40 15
41 10
42 1
43 14
44 18
45 21
46 4
47 6
48 21
49 10
50 4
51 11
52 17
53 14
54 17
55 7
56 10
57 10
58 19
59 16
60 17
61 13
62 19
63 2
64 16
65 8
66 13
67 14
68 6
69 12
70 18
71 12
72 3
73 15
74 17
75 4
76 6
77 17
78 13
79 12
80 16
81 1
82 16
83 2
84 10
85 20
86 19
87 19
88 13
89 21
90 6
91 6
92 17
93 8
94 1
95 7
96 18
97 18
98 8
99 13
